##
## If names get longer than 20 characters, then
## change read_sources in cal/mcc_match.pro!
##
## give coordinates in exactly this way:
## RA: HH MM SS.S
## DEC: +/-DEG AMIN ASEC (always give + or - sign)
##
NGC253              00 47 33.13   -25 17 17.8
IZwicky1            00 53 35.1    +12 41 34
NGC424              01 11 27.670  -38 05 00.63
NGC1068             02 42 40.7    -00 00 48
NGC1365             03 33 36.4    -36 08 25
3C120               04 33 11.10   +05 21 15.6192
Akn120              05 16 11.40   -00 08 59.65
LEDA17155           05 21 01.7    -25 21 45
H0557-385           05 58 02.06   -38 20 04.31
IRAS09149-6206      09 16 09.3511 -62 19 29.767
MCG-5-23-16         09 47 40.2    -30 56 54
Mrk1239             09 52 19.1    -01 36 43
NGC3227             10 23 30.608  +19 51 53.82
NGC3281             10 31 52.1    -34 51 13
NGC3783             11 39 01.8    -37 44 19
J12044210+2754117   12 04 42.11   +27 54 11.7
NGC4151             12 10 32.6    +39 24 21
3C273               12 29 06.7    +02 03 08
NGC4507             12 35 36.6    -39 54 33
NGC4593             12 39 39.4    -05 20 39
IC3639              12 40 52.8    -36 45 21
ESO323-77           13 06 26.140  -40 24 52.16
MCG-3-34-63         13 22 19.054  -16 42 30.09
MCG-3-34-64         13 22 24.5    -16 43 43
NGC5128             13 25 26.6    -43 01 09
MCG-6-30-15         13 35 53.8    -34 17 44
IRAS13349+2438      13 37 18.7    +24 23 03
IC4329A             13 49 19.3    -30 18 34
Mrk463W             13 56 02.60   +18 22 17.6
Mrk463              13 56 02.82   +18 22 17.3
Mrk463E             13 56 02.9    +18 22 19
Circinus            14 13 09.9    -65 20 21
NGC5506             14 13 15.0    -03 12 27
HD135344b           15 15 48.4    -37 09 16
NGC5995             15 48 25.0    -13 45 28
ESO138-1            16 51 20.222  -59 14 04.16
Fairall49           18 36 58.257  -59 24 08.44
Fairall51           18 44 54.009  -62 21 53.25
IC5063              20 52 02.3    -57 04 08
NGC7213             22 09 16.260  -47 09 59.95
NGC7469             23 03 15.6    +08 52 26
NGC7479             23 04 56.668  +12 19 22.36
NGC7582             23 18 23.5    -42 22 14
## MIDI GTO extra-time object
Haro_6-10_N         04 29 23.7    +24 33 01
SVS_20_N_S          18 29 57.7    +01 14 06
IRAS13481-6124      13 51 37.86   -61 39 07.5
IRAS17216-3801      17 25 06.52   -38 04 00.4
I13481              13 51 37.86   -61 39 07.5
G318                15 00 55.26   -58 58 52.6
G345                16 56 47.60   -40 14 25.0
I17216              17 25 06.52   -38 04 00.4
I18566              18 59 09.96   +04 12 15.6
HD150193            16 40 17.92   -23 53 45.2
TW_Hya              11 01 51.91   -34 42 17.0
